$ 1 0.0000049999999999999996 10.20027730826997 50 5 50 5e-11
207 80 160 48 160 4 A1
207 80 192 48 192 4 A0
207 80 128 48 128 4 A2
207 80 96 48 96 4 A3
207 128 -288 96 -288 4 A3
207 128 -256 96 -256 4 A2
207 128 -192 96 -192 4 A0
207 128 -224 96 -224 4 A1
207 128 -144 96 -144 4 B3
207 128 -112 96 -112 4 B2
207 128 -48 96 -48 4 B0
207 128 -80 96 -80 4 B1
L 128 -288 160 -288 0 0 false 5 0
L 128 -256 160 -256 0 0 false 5 0
L 128 -192 160 -192 0 0 false 5 0
L 128 -224 160 -224 0 0 false 5 0
L 128 -80 160 -80 0 0 false 5 0
L 128 -48 160 -48 0 0 false 5 0
L 128 -112 160 -112 0 0 false 5 0
L 128 -144 160 -144 0 0 false 5 0
207 96 416 64 416 4 A3
207 96 448 64 448 4 A2
207 96 512 64 512 4 A0
207 96 480 64 480 4 A1
184 528 96 544 96 1024 3
207 528 96 496 96 4 F3
L 288 -288 320 -288 0 0 false 5 0
L 288 -224 320 -224 0 0 false 5 0
L 288 -256 320 -256 0 0 false 5 0
207 288 -256 256 -256 4 S1
207 288 -224 256 -224 4 S0
207 288 -288 256 -288 4 S2
207 560 384 560 416 4 S2
207 624 384 624 416 4 S0
207 592 384 592 416 4 S1
207 592 832 592 864 4 S1
207 624 832 624 864 4 S0
207 560 832 560 864 4 S2
207 528 544 496 544 4 F2
184 528 544 544 544 1024 3
184 528 1456 544 1456 1024 3
207 528 1456 496 1456 4 F0
207 560 1744 560 1776 4 S2
207 624 1744 624 1776 4 S0
207 592 1744 592 1776 4 S1
207 592 1296 592 1328 4 S1
207 624 1296 624 1328 4 S0
207 560 1296 560 1328 4 S2
207 528 1008 496 1008 4 F1
184 528 1008 544 1008 1024 3
207 464 -208 432 -208 4 F1
207 464 -176 432 -176 4 F0
207 464 -240 432 -240 4 F2
207 464 -272 432 -272 4 F3
M 464 -272 496 -272 0 2.5
M 464 -240 496 -240 0 2.5
M 464 -176 496 -176 0 2.5
M 464 -208 496 -208 0 2.5
207 320 416 304 416 4 1F3
207 320 448 304 448 4 1F2
207 320 512 304 512 4 1F0
207 320 480 304 480 4 1F1
207 336 928 320 928 4 2F1
207 336 960 320 960 4 2F0
207 336 896 320 896 4 2F2
207 336 864 320 864 4 2F3
207 320 576 304 576 4 1Z
207 320 608 304 608 4 1V
207 336 1056 320 1056 4 2V
207 336 1024 320 1024 4 2Z
184 528 2768 544 2768 1024 3
207 528 2768 496 2768 4 C
207 560 3056 560 3088 4 S2
207 624 3056 624 3088 4 S0
207 592 3056 592 3088 4 S1
184 528 2304 544 2304 1024 3
207 528 2304 496 2304 4 V
207 560 2592 560 2624 4 S2
207 624 2592 624 2624 4 S0
207 592 2592 592 2624 4 S1
207 592 2144 592 2176 4 S1
207 624 2144 624 2176 4 S0
207 560 2144 560 2176 4 S2
207 528 1856 496 1856 4 Z
184 528 1856 544 1856 1024 3
207 336 288 320 288 4 0V
207 336 256 320 256 4 0Z
207 336 160 320 160 4 0F1
207 336 192 320 192 4 0F0
207 336 128 320 128 4 0F2
207 336 96 320 96 4 0F3
M 624 -224 656 -224 0 2.5
M 624 -256 656 -256 0 2.5
207 624 -256 592 -256 4 Z
207 624 -224 592 -224 4 V
207 624 -192 592 -192 4 C
M 624 -192 656 -192 0 2.5
207 688 96 672 96 4 0F3
207 688 128 672 128 4 1F3
207 688 192 672 192 4 3F3
207 688 160 672 160 4 2F3
207 688 288 672 288 4 6F3
207 688 320 672 320 4 7F3
207 688 256 672 256 4 5F3
207 688 224 672 224 4 4F3
207 688 672 672 672 4 4F2
207 688 704 672 704 4 5F2
207 688 768 672 768 4 7F2
207 688 736 672 736 4 6F2
207 688 608 672 608 4 2F2
207 688 640 672 640 4 3F2
207 688 576 672 576 4 1F2
207 688 544 672 544 4 0F2
207 688 1008 672 1008 4 0F1
207 688 1040 672 1040 4 1F1
207 688 1104 672 1104 4 3F1
207 688 1072 672 1072 4 2F1
207 688 1200 672 1200 4 6F1
207 688 1232 672 1232 4 7F1
207 688 1168 672 1168 4 5F1
207 688 1136 672 1136 4 4F1
207 688 1456 672 1456 4 0F0
207 688 1488 672 1488 4 1F0
207 688 1552 672 1552 4 3F0
207 688 1520 672 1520 4 2F0
207 688 1648 672 1648 4 6F0
207 688 1680 672 1680 4 7F0
207 688 1616 672 1616 4 5F0
207 688 1584 672 1584 4 4F0
207 688 1920 672 1920 4 2Z
207 688 1952 672 1952 4 3Z
207 688 1888 672 1888 4 1Z
207 688 1856 672 1856 4 0Z
207 688 1984 672 1984 4 4Z
207 688 2016 672 2016 4 5Z
207 688 2080 672 2080 4 7Z
207 688 2048 672 2048 4 6Z
207 688 2496 672 2496 4 6V
207 688 2528 672 2528 4 7V
207 688 2464 672 2464 4 5V
207 688 2432 672 2432 4 4V
207 688 2304 672 2304 4 0V
207 688 2336 672 2336 4 1V
207 688 2400 672 2400 4 3V
207 688 2368 672 2368 4 2V
207 688 2832 672 2832 4 2C
207 688 2864 672 2864 4 3C
207 688 2800 672 2800 4 1C
207 688 2768 672 2768 4 0C
207 688 2896 672 2896 4 4C
207 688 2928 672 2928 4 5C
207 688 2992 672 2992 4 7C
207 688 2960 672 2960 4 6C
207 112 928 80 928 4 A1
207 112 960 80 960 4 A0
207 112 896 80 896 4 A2
207 112 864 80 864 4 A3
207 112 1024 80 1024 4 B3
207 112 1056 80 1056 4 B2
207 112 1120 80 1120 4 B0
207 112 1088 80 1088 4 B1
x 102 -382 155 -379 4 24 Input
x 261 -318 327 -315 4 24 Select
x 514 -310 586 -307 4 24 Output
. Module\s0\s2xA 1 7 7 10 A0 3 3 2 A1 4 2 2 A2 2 1 2 A3 1 0 2 F0 7 3 3 F1 8 2 3 F2 6 1 3 F3 5 0 3 V 9 6 3 Z 11 5 3 NorGateElm\s10\s3\s7\rInverterElm\s3\s10\rNorGateElm\s7\s8\s6\s5\s11\rInverterElm\s1\s12\rInverterElm\s12\s9\rInverterElm\s13\s5\rInverterElm\s2\s13\rInverterElm\s4\s14\rInverterElm\s14\s6\rInverterElm\s15\s8\rInverterElm\s3\s15 0\\s2\\s0\\s5\s0\\s0.5\\s5\s0\\s4\\s5\\s5\s0\\s0.5\\s5\s0\\s0.5\\s5\s0\\s0.5\\s5\s0\\s0.5\\s5\s0\\s0.5\\s5\s0\\s0.5\\s5\s0\\s0.5\\s5\s0\\s0.5\\s5
410 80 96 112 128 1 Module\s0\s2xA 0\s2\s0\s5 0\s0.5\s5 0\s4\s5\s5 0\s0.5\s5 0\s0.5\s5 0\s0.5\s5 0\s0.5\s5 0\s0.5\s5 0\s0.5\s5 0\s0.5\s5 0\s0.5\s5
. Module\s1\sA/2 1 6 9 10 A0 2 3 2 A1 6 2 2 A2 7 1 2 A3 12 0 2 F0 5 3 3 F1 9 2 3 F2 11 1 3 F3 14 0 3 V 1 6 3 Z 13 5 3 InverterElm\s2\s3\rInverterElm\s3\s1\rInverterElm\s4\s5\rInverterElm\s6\s4\rInverterElm\s7\s8\rInverterElm\s8\s9\rInverterElm\s10\s11\rInverterElm\s12\s10\rNorGateElm\s5\s9\s11\s14\s13\rNorGateElm\s15\s12\s14\rInverterElm\s12\s15 0\\s0.5\\s5\s0\\s0.5\\s5\s0\\s0.5\\s5\s0\\s0.5\\s5\s0\\s0.5\\s5\s0\\s0.5\\s5\s0\\s0.5\\s5\s0\\s0.5\\s5\s0\\s4\\s5\\s5\s0\\s2\\s0\\s5\s0\\s0.5\\s5
410 96 416 96 448 1 Module\s1\sA/2 0\s0.5\s5 0\s0.5\s5 0\s0.5\s5 0\s0.5\s5 0\s0.5\s5 0\s0.5\s5 0\s0.5\s5 0\s0.5\s5 0\s4\s5\s5 0\s2\s0\s5 0\s0.5\s5
! 4bit\sMultiplier 0 A3,A2,A1,A0,B3,B2,B1,B0 F7,F6,F5,F4,F3,F2,F1,F0 4bit\sMultiplier 00000000\q00000000\n00000001\q00000000\n00000010\q00000000\n00000011\q00000000\n00000100\q00000000\n00000101\q00000000\n00000110\q00000000\n00000111\q00000000\n00001000\q00000000\n00001001\q00000000\n00001010\q00000000\n00001011\q00000000\n00001100\q00000000\n00001101\q00000000\n00001110\q00000000\n00001111\q00000000\n00010000\q00000000\n00010001\q00000001\n00010010\q00000010\n00010011\q00000011\n00010100\q00000100\n00010101\q00000101\n00010110\q00000110\n00010111\q00000111\n00011000\q00001000\n00011001\q00001001\n00011010\q00001010\n00011011\q00001011\n00011100\q00001100\n00011101\q00001101\n00011110\q00001110\n00011111\q00001111\n00100000\q00000000\n00100001\q00000010\n00100010\q00000100\n00100011\q00000110\n00100100\q00001000\n00100101\q00001010\n00100110\q00001100\n00100111\q00001110\n00101000\q00010000\n00101001\q00010010\n00101010\q00010100\n00101011\q00010110\n00101100\q00011000\n00101101\q00011010\n00101110\q00011100\n00101111\q00011110\n00110000\q00000000\n00110001\q00000011\n00110010\q00000110\n00110011\q00001001\n00110100\q00001100\n00110101\q00001111\n00110110\q00010010\n00110111\q00010101\n00111000\q00011000\n00111001\q00011011\n00111010\q00011110\n00111011\q00100001\n00111100\q00100100\n00111101\q00100111\n00111110\q00101010\n00111111\q00101101\n01000000\q00000000\n01000001\q00000100\n01000010\q00001000\n01000011\q00001100\n01000100\q00010000\n01000101\q00010100\n01000110\q00011000\n01000111\q00011100\n01001000\q00100000\n01001001\q00100100\n01001010\q00101000\n01001011\q00101100\n01001100\q00110000\n01001101\q00110100\n01001110\q00111000\n01001111\q00111100\n01010000\q00000000\n01010001\q00000101\n01010010\q00001010\n01010011\q00001111\n01010100\q00010100\n01010101\q00011001\n01010110\q00011110\n01010111\q00100011\n01011000\q00101000\n01011001\q00101101\n01011010\q00110010\n01011011\q00110111\n01011100\q00111100\n01011101\q01000001\n01011110\q01000110\n01011111\q01001011\n01100000\q00000000\n01100001\q00000110\n01100010\q00001100\n01100011\q00010010\n01100100\q00011000\n01100101\q00011110\n01100110\q00100100\n01100111\q00101010\n01101000\q00110000\n01101001\q00110110\n01101010\q00111100\n01101011\q01000010\n01101100\q01001000\n01101101\q01001110\n01101110\q01010100\n01101111\q01011010\n01110000\q00000000\n01110001\q00000111\n01110010\q00001110\n01110011\q00010101\n01110100\q00011100\n01110101\q00100011\n01110110\q00101010\n01110111\q00110001\n01111000\q00111000\n01111001\q00111111\n01111010\q01000110\n01111011\q01001101\n01111100\q01010100\n01111101\q01011011\n01111110\q01100010\n01111111\q01101001\n10000000\q00000000\n10000001\q00001000\n10000010\q00010000\n10000011\q00011000\n10000100\q00100000\n10000101\q00101000\n10000110\q00110000\n10000111\q00111000\n10001000\q01000000\n10001001\q01001000\n10001010\q01010000\n10001011\q01011000\n10001100\q01100000\n10001101\q01101000\n10001110\q01110000\n10001111\q01111000\n10010000\q00000000\n10010001\q00001001\n10010010\q00010010\n10010011\q00011011\n10010100\q00100100\n10010101\q00101101\n10010110\q00110110\n10010111\q00111111\n10011000\q01001000\n10011001\q01010001\n10011010\q01011010\n10011011\q01100011\n10011100\q01101100\n10011101\q01110101\n10011110\q01111110\n10011111\q10000111\n10100000\q00000000\n10100001\q00001010\n10100010\q00010100\n10100011\q00011110\n10100100\q00101000\n10100101\q00110010\n10100110\q00111100\n10100111\q01000110\n10101000\q01010000\n10101001\q01011010\n10101010\q01100100\n10101011\q01101110\n10101100\q01111000\n10101101\q10000010\n10101110\q10001100\n10101111\q10010110\n10110000\q00000000\n10110001\q00001011\n10110010\q00010110\n10110011\q00100001\n10110100\q00101100\n10110101\q00110111\n10110110\q01000010\n10110111\q01001101\n10111000\q01011000\n10111001\q01100011\n10111010\q01101110\n10111011\q01111001\n10111100\q10000100\n10111101\q10001111\n10111110\q10011010\n10111111\q10100101\n11000000\q00000000\n11000001\q00001100\n11000010\q00011000\n11000011\q00100100\n11000100\q00110000\n11000101\q00111100\n11000110\q01001000\n11000111\q01010100\n11001000\q01100000\n11001001\q01101100\n11001010\q01111000\n11001011\q10000100\n11001100\q10010000\n11001101\q10011100\n11001110\q10101000\n11001111\q10110100\n11010000\q00000000\n11010001\q00001101\n11010010\q00011010\n11010011\q00100111\n11010100\q00110100\n11010101\q01000001\n11010110\q01001110\n11010111\q01011011\n11011000\q01101000\n11011001\q01110101\n11011010\q10000010\n11011011\q10001111\n11011100\q10011100\n11011101\q10101001\n11011110\q10110110\n11011111\q11000011\n11100000\q00000000\n11100001\q00001110\n11100010\q00011100\n11100011\q00101010\n11100100\q00111000\n11100101\q01000110\n11100110\q01010100\n11100111\q01100010\n11101000\q01110000\n11101001\q01111110\n11101010\q10001100\n11101011\q10011010\n11101100\q10101000\n11101101\q10110110\n11101110\q11000100\n11101111\q11010010\n11110000\q00000000\n11110001\q00001111\n11110010\q00011110\n11110011\q00101101\n11110100\q00111100\n11110101\q01001011\n11110110\q01011010\n11110111\q01101001\n11111000\q01111000\n11111001\q10000111\n11111010\q10010110\n11111011\q10100101\n11111100\q10110100\n11111101\q11000011\n11111110\q11010010\n11111111\q11100001\n
. Module\s2\sAxB 1 6 9 14 A0 4 3 2 A1 3 2 2 A2 2 1 2 A3 1 0 2 B0 8 8 2 B1 7 7 2 B2 6 6 2 B3 5 5 2 F0 16 3 3 F1 15 2 3 F2 14 1 3 F3 13 0 3 V 18 6 3 Z 17 5 3 CustomLogicElm\s1\s2\s3\s4\s5\s6\s7\s8\s9\s10\s11\s12\s13\s14\s15\s16\rNorGateElm\s16\s15\s14\s13\s17\rOrGateElm\s12\s11\s10\s9\s18 0\\s4bit\\\\sMultiplier\\s0\\s0\\s0\\s0\\s0\\s0\\s0\\s0\s0\\s4\\s5\\s5\s0\\s4\\s0\\s5
410 112 864 112 944 1 Module\s2\sAxB 0\s4bit\\sMultiplier\s0\s0\s0\s0\s0\s0\s0\s0 0\s4\s5\s5 0\s4\s0\s5
. Module\s6\sA\sXOR\sB 1 6 9 13 A0 2 3 2 A1 1 2 2 A2 3 1 2 A3 4 0 2 B0 6 8 2 B1 5 7 2 B2 7 6 2 B3 8 5 2 F0 11 3 3 F1 12 2 3 F2 10 1 3 F3 9 0 3 Z 13 5 3 XorGateElm\s8\s4\s9\rXorGateElm\s7\s3\s10\rXorGateElm\s6\s2\s11\rXorGateElm\s5\s1\s12\rNorGateElm\s11\s12\s10\s9\s13 0\\s2\\s0\\s5\s0\\s2\\s0\\s5\s0\\s2\\s0\\s5\s0\\s2\\s0\\s5\s0\\s4\\s5\\s5
410 96 2512 48 2512 1 Module\s6\sA\sXOR\sB 0\s2\s0\s5 0\s2\s0\s5 0\s2\s0\s5 0\s2\s0\s5 0\s4\s5\s5
207 96 2736 64 2736 4 B1
207 96 2768 64 2768 4 B0
207 96 2704 64 2704 4 B2
207 96 2672 64 2672 4 B3
207 96 2512 64 2512 4 A3
207 96 2544 64 2544 4 A2
207 96 2608 64 2608 4 A0
207 96 2576 64 2576 4 A1
207 320 2672 304 2672 4 6Z
207 320 2512 304 2512 4 6F3
207 320 2544 304 2544 4 6F2
207 320 2608 304 2608 4 6F0
207 320 2576 304 2576 4 6F1
! A<B 0 A3,A2,A1,A0,B3,B2,B1,B0 F0 A<B 00000000\q0\n00000001\q1\n00000010\q1\n00000011\q1\n00000100\q1\n00000101\q1\n00000110\q1\n00000111\q1\n00001000\q1\n00001001\q1\n00001010\q1\n00001011\q1\n00001100\q1\n00001101\q1\n00001110\q1\n00001111\q1\n00010000\q0\n00010001\q0\n00010010\q1\n00010011\q1\n00010100\q1\n00010101\q1\n00010110\q1\n00010111\q1\n00011000\q1\n00011001\q1\n00011010\q1\n00011011\q1\n00011100\q1\n00011101\q1\n00011110\q1\n00011111\q1\n00100000\q0\n00100001\q0\n00100010\q0\n00100011\q1\n00100100\q1\n00100101\q1\n00100110\q1\n00100111\q1\n00101000\q1\n00101001\q1\n00101010\q1\n00101011\q1\n00101100\q1\n00101101\q1\n00101110\q1\n00101111\q1\n00110000\q0\n00110001\q0\n00110010\q0\n00110011\q0\n00110100\q1\n00110101\q1\n00110110\q1\n00110111\q1\n00111000\q1\n00111001\q1\n00111010\q1\n00111011\q1\n00111100\q1\n00111101\q1\n00111110\q1\n00111111\q1\n01000000\q0\n01000001\q0\n01000010\q0\n01000011\q0\n01000100\q0\n01000101\q1\n01000110\q1\n01000111\q1\n01001000\q1\n01001001\q1\n01001010\q1\n01001011\q1\n01001100\q1\n01001101\q1\n01001110\q1\n01001111\q1\n01010000\q0\n01010001\q0\n01010010\q0\n01010011\q0\n01010100\q0\n01010101\q0\n01010110\q1\n01010111\q1\n01011000\q1\n01011001\q1\n01011010\q1\n01011011\q1\n01011100\q1\n01011101\q1\n01011110\q1\n01011111\q1\n01100000\q0\n01100001\q0\n01100010\q0\n01100011\q0\n01100100\q0\n01100101\q0\n01100110\q0\n01100111\q1\n01101000\q1\n01101001\q1\n01101010\q1\n01101011\q1\n01101100\q1\n01101101\q1\n01101110\q1\n01101111\q1\n01110000\q0\n01110001\q0\n01110010\q0\n01110011\q0\n01110100\q0\n01110101\q0\n01110110\q0\n01110111\q0\n01111000\q1\n01111001\q1\n01111010\q1\n01111011\q1\n01111100\q1\n01111101\q1\n01111110\q1\n01111111\q1\n10000000\q0\n10000001\q0\n10000010\q0\n10000011\q0\n10000100\q0\n10000101\q0\n10000110\q0\n10000111\q0\n10001000\q0\n10001001\q1\n10001010\q1\n10001011\q1\n10001100\q1\n10001101\q1\n10001110\q1\n10001111\q1\n10010000\q0\n10010001\q0\n10010010\q0\n10010011\q0\n10010100\q0\n10010101\q0\n10010110\q0\n10010111\q0\n10011000\q0\n10011001\q0\n10011010\q1\n10011011\q1\n10011100\q1\n10011101\q1\n10011110\q1\n10011111\q1\n10100000\q0\n10100001\q0\n10100010\q0\n10100011\q0\n10100100\q0\n10100101\q0\n10100110\q0\n10100111\q0\n10101000\q0\n10101001\q0\n10101010\q0\n10101011\q1\n10101100\q1\n10101101\q1\n10101110\q1\n10101111\q1\n10110000\q0\n10110001\q0\n10110010\q0\n10110011\q0\n10110100\q0\n10110101\q0\n10110110\q0\n10110111\q0\n10111000\q0\n10111001\q0\n10111010\q0\n10111011\q0\n10111100\q1\n10111101\q1\n10111110\q1\n10111111\q1\n11000000\q0\n11000001\q0\n11000010\q0\n11000011\q0\n11000100\q0\n11000101\q0\n11000110\q0\n11000111\q0\n11001000\q0\n11001001\q0\n11001010\q0\n11001011\q0\n11001100\q0\n11001101\q1\n11001110\q1\n11001111\q1\n11010000\q0\n11010001\q0\n11010010\q0\n11010011\q0\n11010100\q0\n11010101\q0\n11010110\q0\n11010111\q0\n11011000\q0\n11011001\q0\n11011010\q0\n11011011\q0\n11011100\q0\n11011101\q0\n11011110\q1\n11011111\q1\n11100000\q0\n11100001\q0\n11100010\q0\n11100011\q0\n11100100\q0\n11100101\q0\n11100110\q0\n11100111\q0\n11101000\q0\n11101001\q0\n11101010\q0\n11101011\q0\n11101100\q0\n11101101\q0\n11101110\q0\n11101111\q1\n11110000\q0\n11110001\q0\n11110010\q0\n11110011\q0\n11110100\q0\n11110101\q0\n11110110\q0\n11110111\q0\n11111000\q0\n11111001\q0\n11111010\q0\n11111011\q0\n11111100\q0\n11111101\q0\n11111110\q0\n11111111\q0\n
. Module\s7\sA<B 1 5 9 10 A0 4 3 2 A1 3 2 2 A2 2 1 2 A3 1 0 2 B0 8 8 2 B1 7 7 2 B2 6 6 2 B3 5 5 2 F0 9 0 3 Z 10 2 3 CustomLogicElm\s1\s2\s3\s4\s5\s6\s7\s8\s9\rInverterElm\s9\s10 0\\sA<B\\s0\s0\\s0.5\\s5
410 112 2912 128 2960 1 Module\s7\sA<B 0\sA<B\s0 0\s0.5\s5
207 112 2976 80 2976 4 A1
207 112 3008 80 3008 4 A0
207 112 2944 80 2944 4 A2
207 112 2912 80 2912 4 A3
207 112 3072 80 3072 4 B3
207 112 3104 80 3104 4 B2
207 112 3168 80 3168 4 B0
207 112 3136 80 3136 4 B1
207 304 2912 288 2912 4 7F0
207 304 2976 288 2976 4 7Z
! Full\sAdder 0 A,B,\sCin S,\sCout Full\sAdder 000\q00\n001\q10\n010\q10\n011\q01\n100\q10\n101\q01\n110\q01\n111\q11\n
. Full\sAdder 1 3 4 5 A 1 0 0 B 2 2 0 Cin 3 2 3 Cout 5 2 2 S 4 1 1 CustomLogicElm\s1\s2\s3\s4\s5 0\\sFull\\\\sAdder\\s0\\s0
. Module\s3\sA\s\p\sB 1 7 11 16 A0 11 5 2 A1 15 4 2 A2 6 3 2 A3 1 2 2 B0 12 10 2 B1 16 9 2 B2 7 8 2 B3 2 7 2 C 19 7 3 F0 14 3 3 F1 17 2 3 F2 9 1 3 F3 5 0 3 V 4 6 3 Xin 13 0 2 Z 18 5 3 CustomCompositeElm\s1\s2\s3\s4\s5\rCustomCompositeElm\s6\s7\s8\s3\s9\rCustomCompositeElm\s11\s12\s13\s10\s14\rCustomCompositeElm\s15\s16\s10\s8\s17\rNorGateElm\s5\s9\s17\s14\s18\rInverterElm\s4\s20\rInverterElm\s20\s19 1\\sFull\\\\sAdder\\s0\\\\sFull\\\\\\\\sAdder\\\\s0\\\\s0\s1\\sFull\\\\sAdder\\s0\\\\sFull\\\\\\\\sAdder\\\\s0\\\\s0\s1\\sFull\\\\sAdder\\s0\\\\sFull\\\\\\\\sAdder\\\\s0\\\\s0\s1\\sFull\\\\sAdder\\s0\\\\sFull\\\\\\\\sAdder\\\\s0\\\\s0\s0\\s4\\s5\\s5\s0\\s0.5\\s5\s0\\s0.5\\s5
410 96 1248 112 1296 1 Module\s3\sA\s\p\sB 1\sFull\\sAdder\s0\\sFull\\\\sAdder\\s0\\s0 1\sFull\\sAdder\s0\\sFull\\\\sAdder\\s0\\s0 1\sFull\\sAdder\s0\\sFull\\\\sAdder\\s0\\s0 1\sFull\\sAdder\s0\\sFull\\\\sAdder\\s0\\s0 0\s4\s5\s5 0\s0.5\s5 0\s0.5\s5
207 96 1536 64 1536 4 B1
207 96 1568 64 1568 4 B0
207 96 1504 64 1504 4 B2
207 96 1472 64 1472 4 B3
207 96 1312 64 1312 4 A3
207 96 1344 64 1344 4 A2
207 96 1408 64 1408 4 A0
207 96 1376 64 1376 4 A1
207 96 1248 64 1248 4 Xin
L 128 -336 160 -336 0 0 false 5 0
207 128 -336 96 -336 4 Xin
207 352 1248 336 1248 4 3F3
207 352 1280 336 1280 4 3F2
207 352 1344 336 1344 4 3F0
207 352 1312 336 1312 4 3F1
207 352 1408 336 1408 4 3Z
207 352 1440 336 1440 4 3V
207 352 1472 336 1472 4 3C
! Full\sSubtractor 0 A,B,\sBin D,\sBout Full\sSubtractor 000\q00\n001\q11\n010\q11\n011\q01\n100\q10\n101\q00\n110\q00\n111\q11\n
. Full\sSub 1 3 4 5 A 1 0 0 B 2 2 0 Bin 3 2 3 Bout 5 2 2 D 4 1 1 CustomLogicElm\s1\s2\s3\s4\s5 0\\sFull\\\\sSubtractor\\s0\\s0
. Module\s4\sA\s-\sB 1 7 11 16 A0 8 5 2 A1 5 4 2 A2 9 3 2 A3 12 2 2 B0 7 10 2 B1 6 9 2 B2 10 8 2 B3 11 7 2 C 2 7 3 F0 14 3 3 F1 15 2 3 F2 16 1 3 F3 17 0 3 V 3 6 3 Xin 4 0 2 Z 13 5 3 InverterElm\s1\s2\rInverterElm\s3\s1\rNorGateElm\s17\s16\s15\s14\s13\rCustomCompositeElm\s12\s11\s20\s3\s17\rCustomCompositeElm\s9\s10\s18\s20\s16\rCustomCompositeElm\s5\s6\s19\s18\s15\rCustomCompositeElm\s8\s7\s4\s19\s14 0\\s0.5\\s5\s0\\s0.5\\s5\s0\\s4\\s5\\s5\s1\\sFull\\\\sSub\\s0\\\\sFull\\\\\\\\sSubtractor\\\\s0\\\\s0\s1\\sFull\\\\sSub\\s0\\\\sFull\\\\\\\\sSubtractor\\\\s0\\\\s0\s1\\sFull\\\\sSub\\s0\\\\sFull\\\\\\\\sSubtractor\\\\s0\\\\s0\s1\\sFull\\\\sSub\\s0\\\\sFull\\\\\\\\sSubtractor\\\\s0\\\\s0
410 96 1664 112 1696 1 Module\s4\sA\s-\sB 0\s0.5\s5 0\s0.5\s5 0\s4\s5\s5 1\sFull\\sSub\s0\\sFull\\\\sSubtractor\\s0\\s0 1\sFull\\sSub\s0\\sFull\\\\sSubtractor\\s0\\s0 1\sFull\\sSub\s0\\sFull\\\\sSubtractor\\s0\\s0 1\sFull\\sSub\s0\\sFull\\\\sSubtractor\\s0\\s0
207 96 1664 64 1664 4 Xin
207 96 1792 64 1792 4 A1
207 96 1824 64 1824 4 A0
207 96 1760 64 1760 4 A2
207 96 1728 64 1728 4 A3
207 96 1888 64 1888 4 B3
207 96 1920 64 1920 4 B2
207 96 1984 64 1984 4 B0
207 96 1952 64 1952 4 B1
207 352 1888 336 1888 4 4C
207 352 1856 336 1856 4 4V
207 352 1824 336 1824 4 4Z
207 352 1728 336 1728 4 4F1
207 352 1760 336 1760 4 4F0
207 352 1696 336 1696 4 4F2
207 352 1664 336 1664 4 4F3
. Module\s5\sB\s-\sA 1 7 11 16 A0 8 5 2 A1 5 4 2 A2 9 3 2 A3 12 2 2 B0 7 10 2 B1 6 9 2 B2 10 8 2 B3 11 7 2 C 2 7 3 F0 14 3 3 F1 15 2 3 F2 16 1 3 F3 17 0 3 V 3 6 3 Xin 4 0 2 Z 13 5 3 InverterElm\s1\s2\rInverterElm\s3\s1\rNorGateElm\s17\s16\s15\s14\s13\rCustomCompositeElm\s11\s12\s20\s3\s17\rCustomCompositeElm\s10\s9\s18\s20\s16\rCustomCompositeElm\s6\s5\s19\s18\s15\rCustomCompositeElm\s7\s8\s4\s19\s14 0\\s0.5\\s5\s0\\s0.5\\s5\s0\\s4\\s5\\s5\s1\\sFull\\\\sSub\\s0\\\\sFull\\\\\\\\sSubtractor\\\\s0\\\\s0\s1\\sFull\\\\sSub\\s0\\\\sFull\\\\\\\\sSubtractor\\\\s0\\\\s0\s1\\sFull\\\\sSub\\s0\\\\sFull\\\\\\\\sSubtractor\\\\s0\\\\s0\s1\\sFull\\\\sSub\\s0\\\\sFull\\\\\\\\sSubtractor\\\\s0\\\\s0
410 80 2064 96 2080 1 Module\s5\sB\s-\sA 0\s0.5\s5 0\s0.5\s5 0\s4\s5\s5 1\sFull\\sSub\s0\\sFull\\\\sSubtractor\\s0\\s0 1\sFull\\sSub\s0\\sFull\\\\sSubtractor\\s0\\s0 1\sFull\\sSub\s0\\sFull\\\\sSubtractor\\s0\\s0 1\sFull\\sSub\s0\\sFull\\\\sSubtractor\\s0\\s0
207 80 2352 48 2352 4 B1
207 80 2384 48 2384 4 B0
207 80 2320 48 2320 4 B2
207 80 2288 48 2288 4 B3
207 80 2128 48 2128 4 A3
207 80 2160 48 2160 4 A2
207 80 2224 48 2224 4 A0
207 80 2192 48 2192 4 A1
207 80 2064 48 2064 4 Xin
207 336 2064 320 2064 4 5F3
207 336 2096 320 2096 4 5F2
207 336 2160 320 2160 4 5F0
207 336 2128 320 2128 4 5F1
207 336 2224 320 2224 4 5Z
207 336 2256 320 2256 4 5V
207 336 2288 320 2288 4 5C
